Frame  ToneA   ToneB   ToneC   Noise Mix   VolA VolB VolC EnvPer  EnvShp
--------------------------------------------------------------------------------
    0    539    1018     239     1  20    15   15   15      0     0
    1    599    1078     189     0  38    15   15   15      0     0
    2    659    1138     159     0  38    15   15   15      0     0
    3    719    1198     119     0  38    15   15   15      0     0
    4    779    1258     239     0  38    15   15   15      0     0
    5    839    1318     189     0  38    15   15   15      0     0
    6    899    1378     159     0  38    15   15   15      0     0
    7    959    1438     119     0  38    14   14   14      0     0
    8   1019    1498     239     0  38    14   14   14      0     0
    9   1079    1558     189     0  38    14   14   14      0     0
   10   1139    1618     159     0  38    14   14   14      0     0
   11   1199    1678     119     0  38    13   13   13      0     0
   12   1259    1738     239     0  38    13   13   13      0     0
   13   1319    1798     189     0  38    13   13   13      0     0
   14   1379    1858     159     0  38    13   13   13      0     0
   15   1439    1918     119     0  38    12   12   12      0     0
   16   1499    1978     239     0  38    12   12   12      0     0
   17   1559    2038     189     0  38    12   12   12      0     0
   18    539    1018     159     1  20    15   15   12      0     0
   19    599    1078     119     0  38    15   15   12      0     0
   20    659    1138     239     0  38    15   15   12      0     0
   21    719    1198     189     0  38    15   15   12      0     0
   22    779    1258     159     0  38    15   15   12      0     0
   23    839    1318     119     0  38    15   15   12      0     0
   24    378     696     239     1  23    15   15   12      0     0
   25    438     756     189    31  21    14   14   12      0     0
   26    498     816     159    23  23    14   14   12      0     0
   27    558     876     119    31  21    13   13   12      0     0
   28    618     936     239    23  23    13   13   12      0     0
   29    678     996     189    31  21    12   12   12      0     0
   30    738    1056     159    23  23    12   12   12      0     0
   31    798    1116     119    31  21    11   11   12      0     0
   32    858    1176     239    23  23    11   11   12      0     0
   33    918    1236     189    31  21    13   13   12      0     0
   34    978    1296     159    23  23    13   13   12      0     0
   35   1038    1356     119    31  21    12   12   12      0     0
   36   1098    1416     239    23  23    12   12   12      0     0
   37   1158    1476     189    31  21    11   11   12      0     0
   38   1218    1536     159    23  23    11   11   12      0     0
   39   1278    1596     119    31  21    10   10   12      0     0
   40   1338    1656     239    23  23    10   10   12      0     0
   41   1398    1716     189    31  21     9    9   12      0     0
   42   1458    1776     159    23  23     9    9   12      0     0
   43   1518    1836     119    31  21    11   11   12      0     0
   44   1578    1896     239    23  23    11   11   12      0     0
   45   1638    1956     189    31  21    10   10   12      0     0
   46   1698    2016     159    23  23    10   10   12      0     0
   47   1758    2076     119    31  21     9    9   12      0     0
   48    539    1018     239     1  20    15   15   12      0     0
   49    599    1078     189    31  38    15   15   12      0     0
   50    659    1138     159    31  38    15   15   12      0     0
   51    719    1198     119    31  38    15   15   12      0     0
   52    779    1258     239    31  38    15   15   12      0     0
   53    839    1318     189    31  38    15   15   12      0     0
   54    899    1378     159    31  38    15   15   12      0     0
   55    959    1438     119    31  38    14   14   12      0     0
   56   1019    1498     239    31  38    14   14   12      0     0
   57   1079    1558     189    31  38    14   14   12      0     0
   58   1139    1618     159    31  38    14   14   12      0     0
   59   1199    1678     119    31  38    13   13   12      0     0
   60    539    1018     239     1  20    15   15   12      0     0
   61    599    1078     189    31  38    15   15   12      0     0
   62    659    1138     159    31  38    15   15   12      0     0
   63    719    1198     119    31  38    15   15   12      0     0
   64    779    1258     239    31  38    15   15   12      0     0
   65    839    1318     189    31  38    15   15   12      0     0
   66    899    1378     159    31  38    15   15   12      0     0
   67    959    1438     119    31  38    14   14   12      0     0
   68   1019    1498     239    31  38    14   14   12      0     0
   69   1079    1558     189    31  38    14   14   12      0     0
   70   1139    1618     159    31  38    14   14   12      0     0
   71   1199    1678     119    31  38    13   13   12      0     0
   72    312     564     239     1  23    15   15   12      0     0
   73    372     624     189     3  21    14   14   12      0     0
   74    432     684     159    11  23    14   14   12      0     0
   75    492     744     119     3  21    13   13   12      0     0
   76    552     804     239    11  23    13   13   12      0     0
   77    612     864     189     3  21    12   12   12      0     0
   78    672     924     159    11  23    12   12   12      0     0
   79    732     984     119     3  21    11   11   12      0     0
   80    792    1044     239    11  23    11   11   12      0     0
   81    852    1104     189     3  21    13   13   12      0     0
   82    912    1164     159    11  23    13   13   12      0     0
   83    972    1224     119     3  21    12   12   12      0     0
   84   1032    1284     239    11  23    12   12   12      0     0
   85   1092    1344     189     3  21    11   11   12      0     0
   86   1152    1404     159    11  23    11   11   12      0     0
   87   1212    1464     119     3  21    10   10   12      0     0
   88   1272    1524     239    11  23    10   10   12      0     0
   89   1332    1584     189     3  21     9    9   12      0     0
   90   1392    1644     159    11  23     9    9   12      0     0
   91   1452    1704     119     3  21    11   11   12      0     0
   92   1512    1764     239    11  23    11   11   12      0     0
   93   1572    1824     189     3  21    10   10   12      0     0
   94   1632    1884     159    11  23    10   10   12      0     0
   95   1692    1944     119     3  21     9    9   12      0     0
   96    539    1018     239     1  20    15   15   12      0     0
   97    599    1078     189     3  38    15   15   12      0     0
   98    659    1138     159     3  38    15   15   12      0     0
   99    719    1198     119     3  38    15   15   12      0     0
  100    779    1258     239     3  38    15   15   12      0     0
  101    839    1318     189     3  38    15   15   12      0     0
  102    899    1378     159     3  38    15   15   12      0     0
  103    959    1438     119     3  38    14   14   12      0     0
  104   1019    1498     239     3  38    14   14   12      0     0
  105   1079    1558     189     3  38    14   14   12      0     0
  106   1139    1618     159     3  38    14   14   12      0     0
  107   1199    1678     119     3  38    13   13   12      0     0
  108   1259    1738     239     3  38    13   13   12      0     0
  109   1319    1798     189     3  38    13   13   12      0     0
  110   1379    1858     159     3  38    13   13   12      0     0
  111   1439    1918     119     3  38    12   12   12      0     0
  112   1499    1978     239     3  38    12   12   12      0     0
  113   1559    2038     189     3  38    12   12   12      0     0
  114    539    1018     159     1  20    15   15   12      0     0
  115    599    1078     119     3  38    15   15   12      0     0
  116    659    1138     239     3  38    15   15   12      0     0
  117    719    1198     189     3  38    15   15   12      0     0
  118    779    1258     159     3  38    15   15   12      0     0
  119    839    1318     119     3  38    15   15   12      0     0
  120    378     696     239     1  23    15   15   12      0     0
  121    438     756     189    31  21    14   14   12      0     0
  122    498     816     159    23  23    14   14   12      0     0
  123    558     876     119    31  21    13   13   12      0     0
  124    618     936     239    23  23    13   13   12      0     0
  125    678     996     189    31  21    12   12   12      0     0
  126    738    1056     159    23  23    12   12   12      0     0
  127    798    1116     119    31  21    11   11   12      0     0
  128    858    1176     239    23  23    11   11   12      0     0
  129    918    1236     189    31  21    13   13   12      0     0
  130    978    1296     159    23  23    13   13   12      0     0
  131   1038    1356     119    31  21    12   12   12      0     0
  132   1098    1416     239    23  23    12   12   12      0     0
  133   1158    1476     189    31  21    11   11   12      0     0
  134   1218    1536     159    23  23    11   11   12      0     0
  135   1278    1596     119    31  21    10   10   12      0     0
  136   1338    1656     239    23  23    10   10   12      0     0
  137   1398    1716     189    31  21     9    9   12      0     0
  138   1458    1776     159    23  23     9    9   12      0     0
  139   1518    1836     119    31  21    11   11   12      0     0
  140   1578    1896     239    23  23    11   11   12      0     0
  141   1638    1956     189    31  21    10   10   12      0     0
  142   1698    2016     159    23  23    10   10   12      0     0
  143   1758    2076     119    31  21     9    9   12      0     0
  144    539    1018     239     1  20    15   15   12      0     0
  145    599    1078     189    31  38    15   15   12      0     0
  146    659    1138     159    31  38    15   15   12      0     0
  147    719    1198     119    31  38    15   15   12      0     0
  148    779    1258     239    31  38    15   15   12      0     0
  149    839    1318     189    31  38    15   15   12      0     0
  150    899    1378     159    31  38    15   15   12      0     0
  151    959    1438     119    31  38    14   14   12      0     0
  152   1019    1498     239    31  38    14   14   12      0     0
  153   1079    1558     189    31  38    14   14   12      0     0
  154   1139    1618     159    31  38    14   14   12      0     0
  155   1199    1678     119    31  38    13   13   12      0     0
  156    539    1018     239     1  20    15   15   12      0     0
  157    599    1078     189    31  38    15   15   12      0     0
  158    659    1138     159    31  38    15   15   12      0     0
  159    719    1198     119    31  38    15   15   12      0     0
  160    779    1258     239    31  38    15   15   12      0     0
  161    839    1318     189    31  38    15   15   12      0     0
  162    899    1378     159    31  38    15   15   12      0     0
  163    959    1438     119    31  38    14   14   12      0     0
  164   1019    1498     239    31  38    14   14   12      0     0
  165   1079    1558     189    31  38    14   14   12      0     0
  166   1139    1618     159    31  38    14   14   12      0     0
  167   1199    1678     119    31  38    13   13   12      0     0
  168    312     564     239     1  23    15   15   12      0     0
  169    372     624     189     3  21    14   14   12      0     0
  170    432     684     159    11  23    14   14   12      0     0
  171    492     744     119     3  21    13   13   12      0     0
  172    552     804     239    11  23    13   13   12      0     0
  173    612     864     189     3  21    12   12   12      0     0
  174    672     924     159    11  23    12   12   12      0     0
  175    732     984     119     3  21    11   11   12      0     0
  176    792    1044     239    11  23    11   11   12      0     0
  177    852    1104     189     3  21    13   13   12      0     0
  178    912    1164     159    11  23    13   13   12      0     0
  179    972    1224     119     3  21    12   12   12      0     0
  180   1032    1284     239    11  23    12   12   12      0     0
  181   1092    1344     189     3  21    11   11   12      0     0
  182   1152    1404     159    11  23    11   11   12      0     0
  183   1212    1464     119     3  21    10   10   12      0     0
  184   1272    1524     239    11  23    10   10   12      0     0
  185   1332    1584     189     3  21     9    9   12      0     0
  186   1392    1644     159    11  23     9    9   12      0     0
  187   1452    1704     119     3  21    11   11   12      0     0
  188   1512    1764     239    11  23    11   11   12      0     0
  189   1572    1824     189     3  21    10   10   12      0     0
  190   1632    1884     159    11  23    10   10   12      0     0
  191   1692    1944     119     3  21     9    9   12      0     0
  192    539    1018     267     1  20    15   15   15      0     0
  193    599    1078     200     3  38    15   15   15      0     0
  194    659    1138     159     3  38    15   15   15      0     0
  195    719    1198     133     3  38    15   15   15      0     0
  196    779    1258     267     3  38    15   15   15      0     0
  197    839    1318     200     3  38    15   15   15      0     0
  198    899    1378     159     3  38    15   15   15      0     0
  199    959    1438     133     3  38    14   14   14      0     0
  200   1019    1498     267     3  38    14   14   14      0     0
  201   1079    1558     200     3  38    14   14   14      0     0
  202   1139    1618     159     3  38    14   14   14      0     0
  203   1199    1678     133     3  38    13   13   13      0     0
  204   1259    1738     267     3  38    13   13   13      0     0
  205   1319    1798     200     3  38    13   13   13      0     0
  206   1379    1858     159     3  38    13   13   13      0     0
  207   1439    1918     133     3  38    12   12   12      0     0
  208   1499    1978     267     3  38    12   12   12      0     0
  209   1559    2038     200     3  38    12   12   12      0     0
  210    539    1018     159     1  20    15   15   12      0     0
  211    599    1078     133     3  38    15   15   12      0     0
  212    659    1138     267     3  38    15   15   12      0     0
  213    719    1198     200     3  38    15   15   12      0     0
  214    779    1258     159     3  38    15   15   12      0     0
  215    839    1318     133     3  38    15   15   12      0     0
  216    378     696     267     1  23    15   15   12      0     0
  217    438     756     200    31  21    14   14   12      0     0
  218    498     816     159    23  23    14   14   12      0     0
  219    558     876     133    31  21    13   13   12      0     0
  220    618     936     267    23  23    13   13   12      0     0
  221    678     996     200    31  21    12   12   12      0     0
  222    738    1056     159    23  23    12   12   12      0     0
  223    798    1116     133    31  21    11   11   12      0     0
  224    858    1176     267    23  23    11   11   12      0     0
  225    918    1236     200    31  21    13   13   12      0     0
  226    978    1296     159    23  23    13   13   12      0     0
  227   1038    1356     133    31  21    12   12   12      0     0
  228   1098    1416     267    23  23    12   12   12      0     0
  229   1158    1476     200    31  21    11   11   12      0     0
  230   1218    1536     159    23  23    11   11   12      0     0
  231   1278    1596     133    31  21    10   10   12      0     0
  232   1338    1656     267    23  23    10   10   12      0     0
  233   1398    1716     200    31  21     9    9   12      0     0
  234   1458    1776     159    23  23     9    9   12      0     0
  235   1518    1836     133    31  21    11   11   12      0     0
  236   1578    1896     267    23  23    11   11   12      0     0
  237   1638    1956     200    31  21    10   10   12      0     0
  238   1698    2016     159    23  23    10   10   12      0     0
  239   1758    2076     133    31  21     9    9   12      0     0
  240    539    1018     284     1  20    15   15   15      0     0
  241    599    1078     239    31  38    15   15   15      0     0
  242    659    1138     178    31  38    15   15   15      0     0
  243    719    1198     142    31  38    15   15   15      0     0
  244    779    1258     284    31  38    15   15   15      0     0
  245    839    1318     239    31  38    15   15   15      0     0
  246    899    1378     178    31  38    15   15   15      0     0
  247    959    1438     142    31  38    14   14   14      0     0
  248   1019    1498     284    31  38    14   14   14      0     0
  249   1079    1558     239    31  38    14   14   14      0     0
  250   1139    1618     178    31  38    14   14   14      0     0
  251   1199    1678     142    31  38    13   13   13      0     0
  252    539    1018     284     1  20    15   15   13      0     0
  253    599    1078     239    31  38    15   15   13      0     0
  254    659    1138     178    31  38    15   15   13      0     0
  255    719    1198     142    31  38    15   15   12      0     0
  256    779    1258     284    31  38    15   15   12      0     0
  257    839    1318     239    31  38    15   15   12      0     0
  258    899    1378     178    31  38    15   15   12      0     0
  259    959    1438     142    31  38    14   14   12      0     0
  260   1019    1498     284    31  38    14   14   12      0     0
  261   1079    1558     239    31  38    14   14   12      0     0
  262   1139    1618     178    31  38    14   14   12      0     0
  263   1199    1678     142    31  38    13   13   12      0     0
  264    312     564     284     1  23    15   15   12      0     0
  265    372     624     239     3  21    14   14   12      0     0
  266    432     684     178    11  23    14   14   12      0     0
  267    492     744     142     3  21    13   13   12      0     0
  268    552     804     284    11  23    13   13   12      0     0
  269    612     864     239     3  21    12   12   12      0     0
  270    672     924     178    11  23    12   12   12      0     0
  271    732     984     142     3  21    11   11   12      0     0
  272    792    1044     284    11  23    11   11   12      0     0
  273    852    1104     239     3  21    13   13   12      0     0
  274    912    1164     178    11  23    13   13   12      0     0
  275    972    1224     142     3  21    12   12   12      0     0
  276   1032    1284     284    11  23    12   12   12      0     0
  277   1092    1344     239     3  21    11   11   12      0     0
  278   1152    1404     178    11  23    11   11   12      0     0
  279   1212    1464     142     3  21    10   10   12      0     0
  280   1272    1524     284    11  23    10   10   12      0     0
  281   1332    1584     239     3  21     9    9   12      0     0
  282   1392    1644     178    11  23     9    9   12      0     0
  283   1452    1704     142     3  21    11   11   12      0     0
  284   1512    1764     284    11  23    11   11   12      0     0
  285   1572    1824     239     3  21    10   10   12      0     0
  286   1632    1884     178    11  23    10   10   12      0     0
  287   1692    1944     142     3  21     9    9   12      0     0
  288    539    1018     318     1  20    15   15   15      0     0
  289    599    1078     239     3  38    15   15   15      0     0
  290    659    1138     189     3  38    15   15   15      0     0
  291    719    1198     159     3  38    15   15   15      0     0
  292    779    1258     318     3  38    15   15   15      0     0
  293    839    1318     239     3  38    15   15   15      0     0
  294    899    1378     189     3  38    15   15   15      0     0
  295    959    1438     159     3  38    15   15   14      0     0
  296   1019    1498     318     3  38    15   15   14      0     0
  297   1079    1558     239     3  38    15   15   14      0     0
  298   1139    1618     189     3  38    14   14   14      0     0
  299   1199    1678     159     3  38    14   14   13      0     0
  300   1259    1738     318     3  38    14   14   13      0     0
  301   1319    1798     239     3  38    14   14   13      0     0
  302   1379    1858     189     3  38    14   14   13      0     0
  303   1439    1918     159     3  38    14   14   12      0     0
  304   1499    1978     318     3  38    14   14   12      0     0
  305   1559    2038     239     3  38    14   14   12      0     0
  306    539    1018     189     1  20    15   15   12      0     0
  307    599    1078     159     3  38    15   15   12      0     0
  308    659    1138     318     3  38    15   15   12      0     0
  309    719    1198     239     3  38    15   15   12      0     0
  310    779    1258     189     3  38    15   15   12      0     0
  311    839    1318     159     3  38    15   15   12      0     0
  312    378     696     318     1  23    15   15   12      0     0
  313    438     756     239    31  20    14   14   12      0     0
  314    498     816     189    23  23    14   14   12      0     0
  315    558     876     159    31  20    13   13   12      0     0
  316    618     936     318    23  23    13   13   12      0     0
  317    678     996     239    31  20    12   12   12      0     0
  318    738    1056     189    23  23    12   12   12      0     0
  319    798    1116     159    31  20    11   11   12      0     0
  320    858    1176     318    23  23    11   11   12      0     0
  321    918    1236     239    31  20    13   13   12      0     0
  322    978    1296     189    23  23    13   13   12      0     0
  323   1038    1356     159    31  20    12   12   12      0     0
  324    539    1018     318     1  20    15   15   12      0     0
  325    599    1078     239    31  38    15   15   12      0     0
  326    659    1138     189    31  38    15   15   12      0     0
  327    719    1198     159    31  38    15   15   12      0     0
  328    779    1258     318    31  38    15   15   12      0     0
  329    839    1318     239    31  38    15   15   12      0     0
  330    899    1378     189    31  38    15   15   12      0     0
  331    959    1438     159    31  38    15   15   12      0     0
  332   1019    1498     318    31  38    15   15   12      0     0
  333   1079    1558     239    31  38    15   15   12      0     0
  334   1139    1618     189    31  38    14   14   12      0     0
  335   1199    1678     159    31  38    14   14   12      0     0
  336    539    1018     318     1  20    15   15   12      0     0
  337    599    1078     239    31  38    15   15   12      0     0
  338    659    1138     189    31  38    15   15   12      0     0
  339    719    1198     159    31  38    15   15   12      0     0
  340    779    1258     318    31  38    15   15   12      0     0
  341    839    1318     239    31  38    15   15   12      0     0
  342    899    1378     189    31  38    15   15   12      0     0
  343    959    1438     159    31  38    15   15   12      0     0
  344   1019    1498     318    31  38    15   15   12      0     0
  345   1079    1558     239    31  38    15   15   12      0     0
  346   1139    1618     189    31  38    14   14   12      0     0
  347   1199    1678     159    31  38    14   14   12      0     0
  348    100     100     318     1  23    15   15   12      0     0
  349    100     100     239    31  23    14   14   12      0     0
  350    100     100     189    23  23    14   14   12      0     0
  351    100     100     159    31  23    13   13   12      0     0
  352    100     100     318    23  23    13   13   12      0     0
  353    100     100     239    31  23    12   12   12      0     0
  354    100     100     189    23  23    12   12   12      0     0
  355    100     100     159    31  23    11   11   12      0     0
  356    100     100     318    23  23    11   11   12      0     0
  357    100     100     239    31  23     9    9   12      0     0
  358    100     100     189    23  23     9    9   12      0     0
  359    100     100     159    31  23     7    7   12      0     0
  360    100     100     318     1  23    15   15   12      0     0
  361    100     100     239    31  23    14   14   12      0     0
  362    100     100     189    23  23    14   14   12      0     0
  363    100     100     159    31  23    13   13   12      0     0
  364    100     100     318    23  23    13   13   12      0     0
  365    100     100     239    31  23    12   12   12      0     0
  366    100     100     189     1  23    15   15   12      0     0
  367    100     100     159    31  23    14   14   12      0     0
  368    100     100     318    23  23    14   14   12      0     0
  369    100     100     239    31  23    13   13   12      0     0
  370    100     100     189    23  23    13   13   12      0     0
  371    100     100     159    31  23    12   12   12      0     0
  372    100     100     318     1  23    15   15   12      0     0
  373    100     100     239    31  23    14   14   12      0     0
  374    100     100     189    23  23    14   14   12      0     0
  375    100     100     159    31  23    13   13   12      0     0
  376    100     100     318    23  23    13   13   12      0     0
  377    100     100     239    31  23    12   12   12      0     0
  378    100     100     189     1  23    15   15   12      0     0
  379    100     100     159    31  23    14   14   12      0     0
  380    100     100     318    23  23    14   14   12      0     0
  381    100     100     239    31  23    13   13   12      0     0
  382    100     100     189    23  23    13   13   12      0     0
  383    100     100     159    31  23    12   12   12      0     0
  384   1900     539     950     1  00    15   15   15      0     0
  385   1900     599     950    31  38    15   15   15      0     0
  386   1916     659     958    31  38    15   15   15      0     0
  387   1932     719     966    31  38    14   15   14      0     0
  388   1916     779     958    31  38    14   15   14      0     0
  389   1900     839     950    31  38    11   15   11      0     0
  390   1900     899     950     1  10    15   15   15      0     0
  391   1916     959     958    31  38    15   14   15      0     0
  392   1932    1019     966    31  38    15   14   15      0     0
  393   1916    1079     958    31  38    14   14   14      0     0
  394   1900    1139     950    31  38    14   14   14      0     0
  395   1900    1199     950    31  38    11   13   11      0     0
  396   1916    1259     958     1  10    15   13   15      0     0
  397   1932    1319     966    31  38    15   13   15      0     0
  398   1916    1379     958    31  38    15   13   15      0     0
  399   1900    1439     950    31  38    14   12   14      0     0
  400   1900    1499     950    31  38    14   12   14      0     0
  401   1916    1559     958    31  38    11   12   11      0     0
  402   1932     539     966     1  00    15   15   15      0     0
  403   1916     599     958    31  38    15   15   15      0     0
  404   1900     659     950    31  38    15   15   15      0     0
  405   1900     719     950    31  38    14   15   14      0     0
  406   1916     779     958    31  38    14   15   14      0     0
  407   1932     839     966    31  38    11   15   11      0     0
  408   1600     378     800     1  02    15   15   15      0     0
  409   1584     438     792    11  2a    15   14   15      0     0
  410   1584     498     792     3  2a    15   14   15      0     0
  411   1600     558     800    11  2a    14   13   14      0     0
  412   1616     618     808     3  2a    14   13   14      0     0
  413   1600     678     800    11  2a    11   12   11      0     0
  414   1584     738     792     1  02    15   12   15      0     0
  415   1584     798     792    11  2a    15   11   15      0     0
  416   1600     858     800     3  2a    15   11   15      0     0
  417   1616     918     808    11  2a    14   13   14      0     0
  418   1600     978     800     3  2a    14   13   14      0     0
  419   1584    1038     792    11  2a    11   12   11      0     0
  420   2104    1098    1052     1  02    15   12   15      0     0
  421   2136    1158    1068    11  2a    15   11   15      0     0
  422   2168    1218    1084     3  2a    15   11   15      0     0
  423   2136    1278    1068    11  2a    14   10   14      0     0
  424   2104    1338    1052     3  2a    14   10   14      0     0
  425   2104    1398    1052    11  2a    11    9   11      0     0
  426   2136    1458    1068     1  02    15    9   15      0     0
  427   2168    1518    1084    11  2a    15   11   15      0     0
  428   2136    1578    1068     3  2a    15   11   15      0     0
  429   2104    1638    1052    11  2a    14   10   14      0     0
  430   2104    1698    1052     3  2a    14   10   14      0     0
  431   2136    1758    1068    11  2a    11    9   11      0     0
  432   1932     539     966     1  00    15   15   15      0     0
  433   1916     599     958    11  38    15   15   15      0     0
  434   1900     659     950    11  38    15   15   15      0     0
  435   1900     719     950    11  38    14   15   14      0     0
  436   1916     779     958    11  38    14   15   14      0     0
  437   1932     839     966    11  38    11   15   11      0     0
  438   1916     899     958     1  10    15   15   15      0     0
  439   1900     959     950    11  38    15   14   15      0     0
  440   1900    1019     950    11  38    15   14   15      0     0
  441   1916    1079     958    11  38    14   14   14      0     0
  442   1932    1139     966    11  38    14   14   14      0     0
  443   1916    1199     958    11  38    11   13   11      0     0
  444   1900     539     950     1  00    15   15   15      0     0
  445   1900     599     950    11  38    15   15   15      0     0
  446   1916     659     958    11  38    15   15   15      0     0
  447   1932     719     966    11  38    14   15   14      0     0
  448   1916     779     958    11  38    14   15   14      0     0
  449   1900     839     950    11  38    11   15   11      0     0
  450   1900     899     950     1  10    15   15   15      0     0
  451   1916     959     958    11  38    15   14   15      0     0
  452   1932    1019     966    11  38    15   14   15      0     0
  453   1916    1079     958    11  38    14   14   14      0     0
  454   1900    1139     950    11  38    14   14   14      0     0
  455   1900    1199     950    11  38    11   13   11      0     0
  456   2544     312    1272     1  02    15   15   15      0     0
  457   2576     372    1288    15  2a    15   14   15      0     0
  458   2544     432    1272     7  2a    15   14   15      0     0
  459   2512     492    1256    15  2a    14   13   14      0     0
  460   2512     552    1256     7  2a    14   13   14      0     0
  461   2544     612    1272    15  2a    11   12   11      0     0
  462   2576     672    1288     1  02    15   12   15      0     0
  463   2544     732    1272    15  2a    15   11   15      0     0
  464   2512     792    1256     7  2a    15   11   15      0     0
  465   2512     852    1256    15  2a    14   13   14      0     0
  466   2544     912    1272     7  2a    14   13   14      0     0
  467   2576     972    1288    15  2a    11   12   11      0     0
  468   2136    1032    1068     1  02    15   12   15      0     0
  469   2104    1092    1052    15  2a    15   11   15      0     0
  470   2104    1152    1052     7  2a    15   11   15      0     0
  471   2136    1212    1068    15  2a    14   10   14      0     0
  472   2168    1272    1084     7  2a    14   10   14      0     0
  473   2136    1332    1068    15  2a    11    9   11      0     0
  474   2104    1392    1052     1  02    15    9   15      0     0
  475   2104    1452    1052    15  2a    15   11   15      0     0
  476   2136    1512    1068     7  2a    15   11   15      0     0
  477   2168    1572    1084    15  2a    14   10   14      0     0
  478   2136    1632    1068     7  2a    14   10   14      0     0
  479   2104    1692    1052    15  2a    11    9   11      0     0
  480   1900     539     950     1  00    15   15   15      0     0
  481   1900     599     950    15  38    15   15   15      0     0
  482   1916     659     958    15  38    15   15   15      0     0
  483   1932     719     966    15  38    14   15   14      0     0
  484   1916     779     958    15  38    14   15   14      0     0
  485   1900     839     950    15  38    11   15   11      0     0
  486   1900     899     950     1  10    15   15   15      0     0
  487   1916     959     958    15  38    15   14   15      0     0
  488   1932    1019     966    15  38    15   14   15      0     0
  489   1916    1079     958    15  38    14   14   14      0     0
  490   1900    1139     950    15  38    14   14   14      0     0
  491   1900    1199     950    15  38    11   13   11      0     0
  492   1916    1259     958     1  10    15   13   15      0     0
  493   1932    1319     966    15  38    15   13   15      0     0
  494   1916    1379     958    15  38    15   13   15      0     0
  495   1900    1439     950    15  38    14   12   14      0     0
  496   1900    1499     950    15  38    14   12   14      0     0
  497   1916    1559     958    15  38    11   12   11      0     0
  498   1932     539     966     1  00    15   15   15      0     0
  499   1916     599     958    15  38    15   15   15      0     0
